0.02
0.04
0.06
0.08
0.1
0.12
0.14
0.16
0.18
0.2
0.22
0.24
0.26
0.28
0.3
0.32
0.34
0.36
0.38
0.4
0.42
0.44
0.46
0.48
0.5
0.54
0.56
0.58
0.62
0.66
0.76
0.86
0.92
0.99
1.04
1.08
1.12
1.15
1.19
1.21
1.24
1.26
1.27
1.29
1.3
1.31
1.32
1.33
1.34
1.35
1.41
1.48
1.54
1.58
1.62
1.7
1.8
1.9
2.05
2.1
2.11

H starts here: 

20.0
26.0
34.0
38.0
42.0
44.0
48.0
50.0
54.0
56.0
58.0
60.0
62.0
64.0
66.0
68.0
70.0
72.31
74.62
76.92
79.23
81.54
83.85
86.15
88.46
90.77
93.08
95.38
97.69
100.0
110.0
120.0
130.0
140.0
150.0
160.0
170.0
180.0
190.0
200.0
210.0
220.0
230.0
240.0
250.0
260.0
270.0
280.0
290.0
300.0
400.0
600.0
850.0
1100.0
2500.0
4000.0
8500.0
15000.0
35000.0
75000.0
100000.0
